$ 1 0.000005 2.008553692318767 50 5 43
f 208 128 304 128 33 1.5 0.02
f 208 160 304 160 32 1.5 0.02
w 304 144 336 144 0
w 208 128 208 160 0
w 336 144 384 144 0
w 384 144 384 192 0
c 384 192 384 256 0 1e-8 0.048045226672057594
g 384 256 384 272 0
c 208 192 208 256 0 1e-8 4.104562042546158
g 208 256 208 272 0
r 208 160 208 192 0 1000
l 384 192 208 192 0 0.0005 0.013166787775250547
g 304 176 304 272 0
v 304 64 304 112 0 0 40 5 0 0 0.5
g 304 64 336 64 0
w 384 144 416 144 0
o 15 1 0 5250 10 0.00009765625 0 2 15 3
38 11 0 0.0005 0.002 Inductance
