$ 1 0.000005 40.34287934927352 1 5 43
l -64 80 -64 160 0 1 -0.0013715235083619083
c -16 80 -16 160 0 0.00001 -0.019167198782559403
w -64 80 -16 80 0
w -64 80 -96 80 0
g -64 160 -64 192 0
g -16 160 -16 192 0
v -96 16 -96 80 0 1 40 0.02 0 0 0.5
w -16 80 64 80 0
r 64 80 112 80 0 40
r 112 80 160 80 0 20
c 160 80 160 160 0 0.000001 -0.019687243374841908
g 160 160 160 192 0
w 160 80 256 80 0
a 256 96 400 96 9 15 -15 1000000 -0.01963669650402033 -0.019687243374841908 100000
r 256 144 256 176 0 390
g 256 176 256 208 0
w 256 112 256 144 0
w 256 144 400 144 0
r 400 144 400 96 0 100000
w 400 96 512 96 0
401 512 96 624 96 1 8\s15\s-15\s1000000\s-5.054687082157727\s0\s100000 0\s20\s10000000000 0
w 512 96 512 112 0
w 512 80 480 80 0
w 480 80 480 0 0
w 480 0 512 0 0
g 512 0 512 32 0
r 624 96 624 0 0 1000
v 624 -48 624 0 0 0 40 3.3 0 0 0.5
g 624 -48 672 -48 0
w 624 96 688 96 0
d 688 176 688 96 2 default
g 688 176 688 208 0
w 688 96 768 96 0
x 697 76 809 79 4 24 to\spin\sRB5
x 88 241 241 244 4 24 Low\spass\sfilter
x -72 254 49 257 4 24 reciver\scoil\s
x 529 162 615 165 4 24 LM339n
x 298 36 376 39 4 24 op07cp
x 552 -31 597 -28 4 24 3.3v
x -127 -7 -3 -4 4 24 input\smodel
v -32 16 -96 16 0 6 40 0.002 0 0 0.5
g -32 16 0 16 0
o 7 64 0 4227 0.15625 0.0001953125 0 2 7 3
o 12 64 0 4227 0.078125 0.00009765625 1 2 12 3
o 19 64 0 4227 10 0.00009765625 2 2 19 3
o 32 64 0 4227 5 0.00009765625 3 2 32 3
